954
619 17
591 197
445 490
47 98
773 593
6 13
658 780
406 41
244 123
138 9
332 199
111 842
807 900
894 143
6 99
687 528
641 544
295 187
327 63
519 737
831 417
439 821
445 674
168 83
301 1
180 83
395 415
445 299
474 898
92 893
498 800
329 36
489 179
174 200
430 568
25 159
13 28
165 450
443 786
246 565
618 213
407 466
123 664
232 238
911 108
672 165
954 309
259 464
103 377
151 416
308 856
567 636
322 113
409 271
9 21
154 901
669 544
188 530
343 248
487 177
206 210
181 440
215 153
118 249
354 86
895 929
530 699
370 30
7 20
64 91
107 11
68 83
857 552
302 93
776 414
294 206
99 319
441 272
52 87
413 374
877 168
43 188
523 454
12 7
816 396
347 212
513 24
949 460
303 572
788 543
684 281
323 41
923 430
712 326
28 668
916 333
258 621
159 298
81 28
494 285
150 44
209 645
947 686
162 137
64 609
224 580
583 208
560 558
561 403
92 241
478 89
549 460
261 242
139 455
340 304
171 26
651 858
251 233
11 15
280 145
56 39
418 519
213 904
18 211
297 861
391 99
112 164
173 794
769 59
708 149
256 144
126 472
863 318
202 86
63 127
718 484
865 693
296 241
198 190
394 88
510 516
376 375
17 59
293 469
709 467
622 568
726 101
265 660
13 45
355 287
310 682
161 191
263 484
361 429
215 382
522 369
223 20
17 43
266 552
57 42
178 315
601 126
592 437
153 434
76 59
873 589
155 473
213 721
217 2
338 279
60 35
142 106
163 123
87 693
38 121
362 428
353 155
119 155
116 245
503 481
367 714
283 263
685 199
827 15
139 112
450 914
41 153
227 96
167 477
18 650
66 231
320 289
420 84
51 170
616 66
424 277
137 174
676 187
485 337
1 4
846 307
491 359
532 206
757 742
82 817
412 540
95 205
144 713
204 156
453 329
525 26
280 885
162 312
937 551
193 390
673 765
179 7
344 268
369 219
722 473
375 361
35 4
29 195
48 273
147 457
422 116
507 686
129 692
871 643
701 902
197 124
643 670
697 608
131 123
628 157
11 7
171 883
449 112
64 234
24 27
782 931
84 509
104 129
820 624
677 607
20 147
711 471
699 775
394 624
237 111
475 104
209 738
80 465
255 772
563 643
12 37
207 197
590 187
435 439
302 447
167 45
289 293
806 541
23 13
395 216
452 234
108 62
100 132
226 102
548 116
60 438
75 72
178 493
264 136
463 36
897 657
888 426
131 633
60 113
160 117
748 791
290 21
927 824
939 610
172 26
354 419
1 365
615 55
176 527
278 924
1 19
248 841
14 72
446 273
850 26
225 405
55 67
261 793
1 5
292 102
60 410
276 504
15 186
141 68
88 176
8 66
460 189
634 612
899 468
20 521
524 101
106 74
366 52
559 428
648 139
371 843
950 841
95 297
447 809
15 867
273 277
240 150
801 392
688 57
511 430
19 268
115 148
640 886
80 101
524 730
675 191
31 73
454 456
25 220
176 563
533 110
242 285
814 468
848 40
306 296
449 564
325 195
41 30
151 79
336 44
349 78
161 56
875 32
84 3
157 67
84 246
136 173
12 136
77 66
644 767
64 657
88 266
640 855
408 926
652 223
691 480
230 303
318 732
55 534
177 24
805 443
540 551
882 31
281 404
122 100
142 667
117 631
89 724
36 124
825 762
554 221
8 840
849 868
169 56
502 903
511 715
253 505
25 50
710 652
432 553
63 119
254 202
289 324
201 341
397 58
9 10
8 36
586 375
628 635
222 368
89 61
70 253
44 58
571 854
7 6
467 181
374 292
268 755
606 131
535 103
80 42
399 474
421 574
133 1
132 739
210 333
662 951
389 217
644 514
587 605
173 707
665 7
143 891
785 210
422 733
588 880
96 40
449 905
381 4
64 26
539 67
596 590
639 128
54 123
140 68
269 137
185 68
254 653
125 82
576 368
9 158
242 291
174 531
38 400
245 421
938 74
33 48
188 201
447 878
807 655
754 314
264 610
581 378
386 332
768 575
106 194
933 259
686 790
249 289
395 597
57 305
371 567
20 33
373 353
270 180
417 86
47 30
216 851
608 495
113 777
678 169
24 93
953 537
337 212
350 323
175 166
183 468
582 283
588 832
689 663
495 262
382 451
425 781
725 510
638 622
114 46
16 116
19 243
909 422
384 418
789 90
892 791
500 242
236 797
496 673
313 264
385 286
7 22
375 921
27 433
347 444
752 802
326 658
129 137
135 109
232 27
285 346
920 714
482 434
541 349
70 30
799 674
100 260
109 80
205 387
136 348
458 784
69 9
352 918
48 97
313 501
393 353
230 207
508 298
602 545
637 112
365 748
90 555
558 500
377 502
730 787
64 642
632 479
32 78
514 36
425 743
358 251
164 706
314 543
317 48
267 58
263 206
233 649
44 79
595 404
298 614
845 6
151 275
92 65
201 352
202 735
566 430
32 13
90 28
4 115
257 304
35 40
29 21
468 570
197 810
365 488
187 771
430 145
383 103
24 51
439 872
912 227
140 310
15 26
789 943
351 896
701 236
132 506
569 849
719 359
99 476
403 175
389 663
879 118
37 647
210 229
698 884
357 176
412 454
803 115
798 120
611 161
468 662
233 210
218 214
345 339
425 238
760 43
62 24
182 68
154 407
119 750
108 126
105 6
239 70
852 796
917 691
441 818
380 275
7 65
746 710
128 279
94 626
104 18
105 213
17 5
388 220
486 345
361 119
156 208
210 702
329 908
91 620
105 481
408 177
749 471
698 74
91 330
187 76
90 782
646 189
342 414
655 834
948 552
9 184
27 49
337 351
481 945
145 20
491 864
6 4
39 259
766 915
677 946
484 716
763 109
401 175
34 492
835 369
464 573
384 761
148 219
887 643
61 143
307 629
244 367
41 88
296 728
131 443
370 593
349 906
703 137
199 19
178 169
461 339
625 74
496 162
178 584
365 507
96 287
779 29
627 940
700 419
907 713
18 13
216 43
281 40
61 54
346 694
254 829
497 365
207 212
742 294
7 9
273 640
106 228
695 97
278 87
190 436
9 25
903 941
165 571
810 932
315 520
783 180
499 301
752 100
189 578
299 679
627 464
427 414
195 617
404 480
512 81
598 230
185 557
479 33
826 630
315 589
465 612
459 307
33 146
69 82
830 514
203 556
585 194
766 693
762 472
47 128
605 623
4 44
161 299
85 111
356 250
382 869
17 102
402 27
413 526
811 339
778 589
683 608
25 311
250 240
790 952
211 881
919 730
102 680
91 309
859 117
147 930
499 656
262 31
328 231
512 741
151 431
131 156
491 836
183 193
520 823
110 105
478 510
804 910
529 654
298 723
220 889
729 83
483 28
149 105
944 581
41 284
225 187
377 876
3 16
631 690
853 248
100 68
316 68
727 214
671 254
2 1
214 19
910 925
371 321
69 288
118 17
547 330
363 292
166 53
813 279
364 277
117 115
222 458
53 86
197 209
569 16
751 196
342 51
185 276
18 661
165 44
94 93
895 361
3 1
55 28
546 96
265 126
399 319
318 681
470 301
171 545
538 357
11 46
378 248
7 8
819 521
552 579
724 744
379 52
287 359
270 314
49 196
528 510
320 339
331 280
812 97
720 33
410 890
42 753
740 408
423 251
307 109
34 3
174 206
603 403
792 487
9 515
321 253
361 651
63 58
235 192
294 518
600 492
795 182
258 212
411 298
32 335
866 26
183 71
18 318
913 246
543 550
9 144
462 74
844 670
120 73
870 82
717 245
11 95
189 91
252 102
731 192
68 9
833 303
121 747
588 501
105 808
255 24
587 54
24 6
838 483
770 560
39 11
599 229
18 42
86 542
144 236
822 59
152 99
874 418
421 847
